{
    "joints": [
        {
            "rigidBody": "bulletRigidBodyShape1", 
            "children": [
                "joint2"
            ], 
            "name": "joint1", 
            "parent": null, 
            "transform": [
                4.440892098500626e-16, 
                1.0, 
                1.110223024625156e-16, 
                0.0, 
                -3.330669073875468e-16, 
                0.0, 
                1.0, 
                0.0, 
                1.0, 
                -3.330669073875468e-16, 
                4.440892098500626e-16, 
                0.0, 
                0.0, 
                0.0, 
                0.0, 
                1.0
            ]
        }, 
        {
            "rigidBody": "bulletRigidBodyShape2", 
            "children": [
                "joint3"
            ], 
            "name": "joint2", 
            "parent": [
                "joint1"
            ], 
            "transform": [
                4.440892098500626e-16, 
                1.0, 
                1.110223024625156e-16, 
                0.0, 
                -3.330669073875468e-16, 
                0.0, 
                1.0, 
                0.0, 
                1.0, 
                -3.330669073875468e-16, 
                4.440892098500626e-16, 
                0.0, 
                7.456990580578804e-11, 
                0.0, 
                4.9999999573054925, 
                1.0
            ]
        }, 
        {
            "rigidBody": "bulletRigidBodyShape3", 
            "children": [
                "joint4"
            ], 
            "name": "joint3", 
            "parent": [
                "joint2"
            ], 
            "transform": [
                4.440892098500626e-16, 
                1.0, 
                1.110223024625156e-16, 
                0.0, 
                -3.330669073875468e-16, 
                0.0, 
                1.0, 
                0.0, 
                1.0, 
                -3.330669073875468e-16, 
                4.440892098500626e-16, 
                0.0, 
                7.456990580578804e-11, 
                -2.4651903288300094e-31, 
                8.999999753308728, 
                1.0
            ]
        }, 
        {
            "rigidBody": "bulletRigidBodyShape4", 
            "children": [
                "joint5"
            ], 
            "name": "joint4", 
            "parent": [
                "joint3"
            ], 
            "transform": [
                4.440892098500626e-16, 
                1.0, 
                1.110223024625156e-16, 
                0.0, 
                -3.330669073875468e-16, 
                0.0, 
                1.0, 
                0.0, 
                1.0, 
                -3.330669073875468e-16, 
                4.440892098500626e-16, 
                0.0, 
                7.456990580578804e-11, 
                -4.93038065763132e-31, 
                13.000000265201232, 
                1.0
            ]
        }, 
        {
            "rigidBody": "bulletRigidBodyShape4", 
            "children": null, 
            "name": "joint5", 
            "parent": [
                "joint4"
            ], 
            "transform": [
                1.0, 
                5.551115123125785e-16, 
                4.440892098500627e-16, 
                0.0, 
                -4.4408920985006247e-16, 
                1.0, 
                3.330669073875465e-16, 
                0.0, 
                -3.330669073875469e-16, 
                -2.2204460492503126e-16, 
                1.0, 
                0.0, 
                7.456990580578804e-11, 
                -5.300159206953668e-31, 
                16.000000265201233, 
                1.0
            ]
        }
    ], 
    "rigidBodies": {
        "bulletRigidBodyShape1": {
            "extents": [
                1.7000000476837158, 
                1.7000000476837158, 
                4.965809345245361
            ], 
            "joints": [
                "joint1"
            ], 
            "friction": 1.0, 
            "centerOfMass": [
                0.0, 
                0.0, 
                0.0
            ], 
            "radius": 2.4829046726226807, 
            "axis": "Y", 
            "name": "bulletRigidBodyShape1", 
            "colliderOffset": [
                0.0, 
                0.0, 
                0.0
            ], 
            "transform": [
                1.0, 
                0.0, 
                0.0, 
                0.0, 
                0.0, 
                1.0000000000000004, 
                0.0, 
                0.0, 
                0.0, 
                0.0, 
                1.0, 
                0.0, 
                0.0047593609615519394, 
                0.0, 
                2.5105443765621374, 
                1.0
            ], 
            "length": 4.965809345245361, 
            "mass": 0.0, 
            "static": false, 
            "restitution": 0.0, 
            "type": "box", 
            "constraints": [
                "bulletRigidBodyConstraint1"
            ]
        }, 
        "bulletRigidBodyShape3": {
            "extents": [
                1.7000000476837158, 
                1.7000000476837158, 
                4.965809345245361
            ], 
            "joints": [
                "joint3"
            ], 
            "friction": 1.0, 
            "centerOfMass": [
                0.0, 
                0.0, 
                0.0
            ], 
            "radius": 2.4829046726226807, 
            "axis": "Y", 
            "name": "bulletRigidBodyShape3", 
            "colliderOffset": [
                0.0, 
                0.0, 
                0.0
            ], 
            "transform": [
                1.0, 
                0.0, 
                0.0, 
                0.0, 
                0.0, 
                1.0000000000000004, 
                0.0, 
                0.0, 
                0.0, 
                0.0, 
                0.8001653896324469, 
                0.0, 
                0.004759361036121845, 
                0.0, 
                11.013644218444824, 
                1.0
            ], 
            "length": 4.965809345245361, 
            "mass": 1.0, 
            "static": false, 
            "restitution": 0.0, 
            "type": "box", 
            "constraints": [
                "bulletRigidBodyConstraint2", 
                "bulletRigidBodyConstraint3"
            ]
        }, 
        "bulletRigidBodyShape2": {
            "extents": [
                1.7000000476837158, 
                1.7000000476837158, 
                4.965809345245361
            ], 
            "joints": [
                "joint2"
            ], 
            "friction": 1.0, 
            "centerOfMass": [
                0.0, 
                0.0, 
                0.0
            ], 
            "radius": 2.4829046726226807, 
            "axis": "Y", 
            "name": "bulletRigidBodyShape2", 
            "colliderOffset": [
                0.0, 
                0.0, 
                0.0
            ], 
            "transform": [
                1.0, 
                0.0, 
                0.0, 
                0.0, 
                0.0, 
                1.0000000000000004, 
                0.0, 
                0.0, 
                0.0, 
                0.0, 
                0.8001653896324469, 
                0.0, 
                0.004759361036121845, 
                0.0, 
                7.001244068145752, 
                1.0
            ], 
            "length": 4.965809345245361, 
            "mass": 1.0, 
            "static": false, 
            "restitution": 0.0, 
            "type": "box", 
            "constraints": [
                "bulletRigidBodyConstraint1", 
                "bulletRigidBodyConstraint2"
            ]
        }, 
        "bulletRigidBodyShape4": {
            "extents": [
                1.7000000476837158, 
                1.7000000476837158, 
                4.965809345245361
            ], 
            "joints": [
                "joint4", 
                "joint5"
            ], 
            "friction": 1.0, 
            "centerOfMass": [
                0.0, 
                0.0, 
                0.0
            ], 
            "radius": 2.4829046726226807, 
            "axis": "Y", 
            "name": "bulletRigidBodyShape4", 
            "colliderOffset": [
                0.0, 
                0.0, 
                0.0
            ], 
            "transform": [
                1.0, 
                0.0, 
                0.0, 
                0.0, 
                0.0, 
                1.0000000000000004, 
                0.0, 
                0.0, 
                0.0, 
                0.0, 
                0.646932695688081, 
                0.0, 
                0.004759361036121845, 
                0.0, 
                14.547745704650879, 
                1.0
            ], 
            "length": 4.965809345245361, 
            "mass": 1.0, 
            "static": false, 
            "restitution": 0.0, 
            "type": "box", 
            "constraints": [
                "bulletRigidBodyConstraint3"
            ]
        }
    }, 
    "skinWeights": [
        [
            0.9936996053634937, 
            0.005903719861795488, 
            0.00039667477471084194
        ], 
        [
            0.9936996058879878, 
            0.005903719383454129, 
            0.00039667472855806036
        ], 
        [
            0.9936996036309639, 
            0.005903721478905638, 
            0.0003966748901305433
        ], 
        [
            0.9936996044975684, 
            0.005903720670040203, 
            0.0003966748323913754
        ], 
        [
            0.9999974370002747, 
            1.916766777971835e-06, 
            6.462329473699621e-07
        ], 
        [
            0.999890148639679, 
            8.215351562364698e-05, 
            2.7697844697397948e-05
        ], 
        [
            0.9971938729286194, 
            0.0020985921660496747, 
            0.0007075349053309406
        ], 
        [
            0.9996386766433716, 
            0.00027021953972357457, 
            9.11038169048434e-05
        ], 
        [
            0.5965605095802504, 
            0.4027023151584459, 
            0.0007371752613036796
        ], 
        [
            0.5965605182992756, 
            0.40270230657205947, 
            0.0007371751286648672
        ], 
        [
            0.5965604834724747, 
            0.40270234086956025, 
            0.0007371756579650268
        ], 
        [
            0.5965604834601508, 
            0.40270234088157036, 
            0.0007371756582788355
        ], 
        [
            0.0008473547321921043, 
            0.502114420337624, 
            0.49703822493018385
        ], 
        [
            0.0008473548990924459, 
            0.502114419992841, 
            0.49703822510806656
        ], 
        [
            0.0008473559030070165, 
            0.5021144179189534, 
            0.49703822617803955
        ], 
        [
            0.0008473554014682953, 
            0.5021144189550324, 
            0.49703822564349937
        ], 
        [
            0.4857162024634921, 
            0.5116550699352738, 
            0.0026287276012340083
        ], 
        [
            0.4857162024607266, 
            0.5116550699393093, 
            0.0026287275999641716
        ], 
        [
            0.48571620688143397, 
            0.5116550634886095, 
            0.0026287296299566426
        ], 
        [
            0.48571620467384646, 
            0.5116550667099232, 
            0.0026287286162302984
        ], 
        [
            0.0007089065938449539, 
            0.5097218428370631, 
            0.48956925056909195
        ], 
        [
            0.0007089091204855598, 
            0.5097223048839076, 
            0.48956878599560694
        ], 
        [
            0.0007089079804484307, 
            0.5097218318875888, 
            0.48956926013196284
        ], 
        [
            0.0007089075846300797, 
            0.5097218350132112, 
            0.48956925740215873
        ], 
        [
            0.00035423755058320574, 
            0.4998228812247084, 
            0.4998228812247084
        ], 
        [
            0.993857807693619, 
            0.00575604524415993, 
            0.00038614706222109496
        ], 
        [
            0.9437609311228481, 
            0.05010542968630455, 
            0.006133639190847306
        ], 
        [
            0.943760925673254, 
            0.05010543443476278, 
            0.006133639891983257
        ], 
        [
            1.0, 
            0, 
            0
        ], 
        [
            1.0, 
            0, 
            0
        ], 
        [
            0.9437609365710746, 
            0.05010542493919866, 
            0.006133638489726794
        ], 
        [
            0.9437609474661608, 
            0.050105415446338085, 
            0.006133637087501095
        ], 
        [
            0.993857810101592, 
            0.005756042996250383, 
            0.00038614690215747353
        ], 
        [
            0.9938578125098021, 
            0.005756040748124411, 
            0.0003861467420735483
        ], 
        [
            0.9999967217445374, 
            2.66864502859313e-06, 
            6.096104340533541e-07
        ], 
        [
            0.9999991059303284, 
            7.278122805211855e-07, 
            1.662573911096739e-07
        ], 
        [
            0.9938578101013548, 
            0.005756042996467473, 
            0.00038614690217783073
        ], 
        [
            0.9847277749238077, 
            0.014899754746122405, 
            0.0003724703300699178
        ], 
        [
            0.9847277749265998, 
            0.014899754743415941, 
            0.0003724703299842382
        ], 
        [
            0.6011368775182492, 
            0.3981911133300192, 
            0.0006720091517316484
        ], 
        [
            0.9847277650471555, 
            0.014899764353805316, 
            0.0003724705990391373
        ], 
        [
            0.6011368775278227, 
            0.398191113320653, 
            0.0006720091515242948
        ], 
        [
            0.9847277675142241, 
            0.01489976195391481, 
            0.00037247053186109945
        ], 
        [
            0.6011368250309096, 
            0.398191165117443, 
            0.0006720098516474931
        ], 
        [
            0.6011368775086708, 
            0.39819111333939017, 
            0.0006720091519390665
        ], 
        [
            0.03038879300792976, 
            0.9561543031075025, 
            0.01345690388456775
        ], 
        [
            0.0303887880973302, 
            0.9561543103578737, 
            0.013456901544796035
        ], 
        [
            0.0007652154717506404, 
            0.5022942714649712, 
            0.4969405130632781
        ], 
        [
            0.030388786078809408, 
            0.9561542903689428, 
            0.013456923552247703
        ], 
        [
            0.0007652159113054064, 
            0.5022942704432929, 
            0.49694051364540165
        ], 
        [
            0.03038881260130906, 
            0.956154274178392, 
            0.013456913220298862
        ], 
        [
            0.000765217231071096, 
            0.5022942673757025, 
            0.49694051539322637
        ], 
        [
            0.0007652156919407134, 
            0.5022942709531727, 
            0.49694051335488654
        ], 
        [
            0.016549796709873388, 
            0.961087731197217, 
            0.02236247209290965
        ], 
        [
            0.01654979957566088, 
            0.9610877245578999, 
            0.022362475866439222
        ], 
        [
            0.48511878940301895, 
            0.5125029742327837, 
            0.0023782363641973977
        ], 
        [
            0.016549796095646455, 
            0.961087660228812, 
            0.022362543675541524
        ], 
        [
            0.48511878940083264, 
            0.5125029742358076, 
            0.0023782363633598064
        ], 
        [
            0.016549784610942794, 
            0.9610876868360594, 
            0.022362528552997807
        ], 
        [
            0.4851187998900421, 
            0.512502959728116, 
            0.0023782403818420157
        ], 
        [
            0.48511878765736705, 
            0.5125029766472047, 
            0.0023782356954282864
        ], 
        [
            0.015668582429059018, 
            0.8899016684563322, 
            0.09442974911460877
        ], 
        [
            0.015668587980739907, 
            0.8899016376222811, 
            0.09442977439697896
        ], 
        [
            0.015668601877330445, 
            0.8899015604405948, 
            0.09442983768207483
        ], 
        [
            0.01566859354633101, 
            0.8899016067109764, 
            0.0944297997426926
        ], 
        [
            0.00035423645342016677, 
            0.49982288177328993, 
            0.49982288177328993
        ], 
        [
            0.00035423645361488785, 
            0.49982288177319256, 
            0.49982288177319256
        ], 
        [
            0.0003542370836009169, 
            0.49982288145819953, 
            0.49982288145819953
        ], 
        [
            1.87504756658333e-05, 
            0.4999906247621671, 
            0.4999906247621671
        ], 
        [
            0.9142767329318703, 
            0.07532118041948435, 
            0.010402086648645425
        ], 
        [
            0.9142767275763787, 
            0.07532118533143872, 
            0.01040208709218264
        ], 
        [
            0.9142767329301614, 
            0.07532118042114784, 
            0.010402086648690778
        ], 
        [
            0.914276732933579, 
            0.07532118041782092, 
            0.010402086648600078
        ], 
        [
            0.98596025517773, 
            0.013700598432057128, 
            0.00033914639021282426
        ], 
        [
            0.985960257301484, 
            0.013700596385302743, 
            0.00033914631321333566
        ], 
        [
            0.9859602419275492, 
            0.013700611326588317, 
            0.0003391467458625265
        ], 
        [
            0.9859602527944938, 
            0.013700600791297495, 
            0.0003391464142086102
        ], 
        [
            0.02794902238134412, 
            0.9597509686464238, 
            0.012300008972232062
        ], 
        [
            0.027948997729026443, 
            0.9597509838105738, 
            0.012300018460399633
        ], 
        [
            0.027949055524141113, 
            0.9597509198643729, 
            0.012300024611486037
        ], 
        [
            0.027949022389638263, 
            0.9597509686342158, 
            0.012300008976145855
        ], 
        [
            0.015125053231590753, 
            0.9643917658408038, 
            0.020483180927605517
        ], 
        [
            0.015125040447667229, 
            0.9643917286721317, 
            0.020483230880200962
        ], 
        [
            0.015125084058029023, 
            0.9643916942816453, 
            0.020483221660325724
        ], 
        [
            0.015125036604010492, 
            0.9643917375946456, 
            0.020483225801343968
        ], 
        [
            0.014083543673499416, 
            0.8988569631532609, 
            0.08705949317323974
        ], 
        [
            0.014083543668857633, 
            0.8988569631799446, 
            0.08705949315119771
        ], 
        [
            0.014083562228435683, 
            0.8988568564878392, 
            0.08705958128372521
        ], 
        [
            0.014083539967157338, 
            0.898856984459647, 
            0.08705947557319557
        ], 
        [
            6.345707960955713e-05, 
            0.49996827146019523, 
            0.49996827146019523
        ], 
        [
            6.345708651379026e-05, 
            0.49996827145674316, 
            0.49996827145674316
        ], 
        [
            6.345697006364685e-05, 
            0.49996827151496825, 
            0.49996827151496814
        ], 
        [
            6.345696315941936e-05, 
            0.4999682715184203, 
            0.4999682715184203
        ], 
        [
            0.9744960534133866, 
            0.023222214151098833, 
            0.0022817324355145943
        ], 
        [
            0.9744960534132634, 
            0.023222214151238953, 
            0.002281732435497635
        ], 
        [
            0.8603836754784582, 
            0.11985071790704291, 
            0.019765606614498867
        ], 
        [
            0.8603836879202924, 
            0.11985070781804448, 
            0.019765604261663024
        ], 
        [
            0.8603836704454062, 
            0.1198507219876907, 
            0.019765607566903123
        ], 
        [
            0.9874071478843689, 
            0.010810071026063035, 
            0.0017827810895680695
        ], 
        [
            0.9744960620271432, 
            0.023222206397250943, 
            0.002281731575605819
        ], 
        [
            0.9744960534133866, 
            0.023222214151098833, 
            0.0022817324355145943
        ], 
        [
            0.9744960620270665, 
            0.02322220639733819, 
            0.002281731575595259
        ], 
        [
            0.9496286511421204, 
            0.04324023272444056, 
            0.007131116133439079
        ], 
        [
            0.8603837127939417, 
            0.11985068764965733, 
            0.019765599556400996
        ], 
        [
            0.9744960587893184, 
            0.023222209311873902, 
            0.0022817318988076966
        ], 
        [
            0.9994524717330933, 
            0.00047001421353107926, 
            7.751405337565899e-05
        ], 
        [
            0.9744960598688445, 
            0.023222208340047287, 
            0.002281731791108283
        ], 
        [
            0.9744960598688445, 
            0.023222208340047287, 
            0.002281731791108283
        ], 
        [
            0.8713340163230896, 
            0.11045062734699786, 
            0.01821535632991255
        ], 
        [
            0.9960993550354441, 
            0.0037384516117152412, 
            0.00016219335284058095
        ], 
        [
            0.9960993539878499, 
            0.003738452615169152, 
            0.00016219339698101266
        ], 
        [
            0.9338939613253057, 
            0.06557954258407643, 
            0.0005264960906179677
        ], 
        [
            0.9338939825827373, 
            0.06557952155481038, 
            0.0005264958624522588
        ], 
        [
            0.996099356360524, 
            0.0037384503460486124, 
            0.00016219329342737285
        ], 
        [
            0.9960993549284677, 
            0.003738451715604448, 
            0.00016219335592781962
        ], 
        [
            0.9338939573229574, 
            0.06557954667138792, 
            0.0005264960056546796
        ], 
        [
            0.9338939747107524, 
            0.0655795294702347, 
            0.0005264958190128557
        ], 
        [
            0.9960993521571138, 
            0.0037384543628464387, 
            0.0001621934800397387
        ], 
        [
            0.9960993511751438, 
            0.0037384553019580587, 
            0.000162193522898133
        ], 
        [
            0.9338939222315593, 
            0.06557958138609019, 
            0.0005264963823505441
        ], 
        [
            0.9338939247232255, 
            0.06557957892118281, 
            0.0005264963555916999
        ], 
        [
            0.9960993537414632, 
            0.003738452850800151, 
            0.00016219340773672487
        ], 
        [
            0.9960993549689403, 
            0.00373845167689482, 
            0.00016219335416489677
        ], 
        [
            0.9338939746923575, 
            0.06557952948840098, 
            0.0005264958192416534
        ], 
        [
            0.9338939573045623, 
            0.0655795466895542, 
            0.0005264960058834773
        ], 
        [
            0.2514341828620618, 
            0.7463187284753798, 
            0.0022470886625583692
        ], 
        [
            0.2514341612746904, 
            0.7463187505807136, 
            0.0022470881445959497
        ], 
        [
            0.004579535480273847, 
            0.9026832371254744, 
            0.09273722739425176
        ], 
        [
            0.004579535941542675, 
            0.9026832300263341, 
            0.09273723403212326
        ], 
        [
            0.2514340583975779, 
            0.7463188523245233, 
            0.002247089277898825
        ], 
        [
            0.25143398812843615, 
            0.7463189206779735, 
            0.0022470911935903205
        ], 
        [
            0.004579535976403902, 
            0.9026830866982756, 
            0.09273737732532057
        ], 
        [
            0.004579532116566073, 
            0.9026831461030315, 
            0.09273732178040255
        ], 
        [
            0.25143415821166104, 
            0.746318750115522, 
            0.002247091672816976
        ], 
        [
            0.2514342691211899, 
            0.7463186401465687, 
            0.002247090732241315
        ], 
        [
            0.004579542076237412, 
            0.9026831356105781, 
            0.09273732231318445
        ], 
        [
            0.0045795420750861255, 
            0.9026831356282969, 
            0.09273732229661698
        ], 
        [
            0.25143420995626986, 
            0.7463187007310794, 
            0.0022470893126507454
        ], 
        [
            0.25143417385157696, 
            0.7463187377020603, 
            0.002247088446362856
        ], 
        [
            0.00457953653020106, 
            0.90268322096661, 
            0.09273724250318889
        ], 
        [
            0.00457954039004218, 
            0.9026831615618879, 
            0.09273729804806993
        ], 
        [
            0.12169464220901306, 
            0.8746311606850612, 
            0.0036741971059258325
        ], 
        [
            0.12169437183754087, 
            0.8746314265080712, 
            0.00367420165438789
        ], 
        [
            0.0028532270465261556, 
            0.8380142398236664, 
            0.1591325331298074
        ], 
        [
            0.0028532274464397535, 
            0.8380142270326025, 
            0.1591325455209578
        ], 
        [
            0.12169438961035854, 
            0.8746314078964578, 
            0.003674202493183771
        ], 
        [
            0.12169468426216044, 
            0.8746311166472018, 
            0.0036741990906377004
        ], 
        [
            0.002853229138254956, 
            0.8380141729206373, 
            0.1591325979411078
        ], 
        [
            0.0028532320861816072, 
            0.8380145412358415, 
            0.15913222667797688
        ], 
        [
            0.12169471681292593, 
            0.8746310825601921, 
            0.0036742006268820197
        ], 
        [
            0.12169445732618037, 
            0.8746313369847571, 
            0.0036742056890625525
        ], 
        [
            0.0028532307362516053, 
            0.8380141218094384, 
            0.15913264745431005
        ], 
        [
            0.002853231166812135, 
            0.8380141080381583, 
            0.15913266079502955
        ], 
        [
            0.12169466174791159, 
            0.8746311402240181, 
            0.003674198028070377
        ], 
        [
            0.12169464135312484, 
            0.8746311615813432, 
            0.0036741970655319177
        ], 
        [
            0.0028532314011846653, 
            0.838014563145123, 
            0.1591322054536924
        ], 
        [
            0.0028532284532590013, 
            0.8380141948299289, 
            0.15913257671681214
        ], 
        [
            0.10300938291585958, 
            0.8835177424703299, 
            0.013472874613810514
        ], 
        [
            0.10300938289730022, 
            0.8835177424922307, 
            0.013472874610469124
        ], 
        [
            0.0025849457448927715, 
            0.758620063413029, 
            0.2387949908420783
        ], 
        [
            0.0025849500849160893, 
            0.7586206711783883, 
            0.2387943787366956
        ], 
        [
            0.10300938947604535, 
            0.8835177347290601, 
            0.013472875794894557
        ], 
        [
            0.10300940142780461, 
            0.8835177206255275, 
            0.013472877946667947
        ], 
        [
            0.0025849531568382382, 
            0.7586205552917947, 
            0.23879449155136698
        ], 
        [
            0.0025849513170370835, 
            0.758620624697277, 
            0.23879442398568593
        ], 
        [
            0.10300950692094253, 
            0.8835175961395867, 
            0.013472896939470694
        ], 
        [
            0.10300950323082604, 
            0.8835176004940657, 
            0.013472896275108275
        ], 
        [
            0.0025849621346473394, 
            0.7586209880992453, 
            0.23879404976610744
        ], 
        [
            0.0025849576346224108, 
            0.7586203863700665, 
            0.2387946559953112
        ], 
        [
            0.10300941918979725, 
            0.8835176996656972, 
            0.013472881144505643
        ], 
        [
            0.10300917537043107, 
            0.8835179203771463, 
            0.01347290425242261
        ], 
        [
            0.0025849520957099037, 
            0.758620595322269, 
            0.23879445258202117
        ], 
        [
            0.002584954015502689, 
            0.7586205228991697, 
            0.23879452308532767
        ]
    ], 
    "skinIndices": [
        [
            0, 
            1, 
            2
        ], 
        [
            0, 
            1, 
            2
        ], 
        [
            0, 
            1, 
            2
        ], 
        [
            0, 
            1, 
            2
        ], 
        [
            0, 
            1, 
            2
        ], 
        [
            0, 
            1, 
            2
        ], 
        [
            0, 
            1, 
            2
        ], 
        [
            0, 
            1, 
            2
        ], 
        [
            0, 
            1, 
            2
        ], 
        [
            0, 
            1, 
            2
        ], 
        [
            0, 
            1, 
            2
        ], 
        [
            0, 
            1, 
            2
        ], 
        [
            0, 
            1, 
            2
        ], 
        [
            0, 
            1, 
            2
        ], 
        [
            0, 
            1, 
            2
        ], 
        [
            0, 
            1, 
            2
        ], 
        [
            2, 
            3, 
            4
        ], 
        [
            2, 
            3, 
            4
        ], 
        [
            2, 
            3, 
            4
        ], 
        [
            2, 
            3, 
            4
        ], 
        [
            2, 
            3, 
            4
        ], 
        [
            2, 
            3, 
            4
        ], 
        [
            2, 
            3, 
            4
        ], 
        [
            2, 
            3, 
            4
        ], 
        [
            2, 
            3, 
            4
        ], 
        [
            0, 
            1, 
            2
        ], 
        [
            0, 
            1, 
            2
        ], 
        [
            0, 
            1, 
            2
        ], 
        [
            0, 
            0, 
            0
        ], 
        [
            0, 
            0, 
            0
        ], 
        [
            0, 
            1, 
            2
        ], 
        [
            0, 
            1, 
            2
        ], 
        [
            0, 
            1, 
            2
        ], 
        [
            0, 
            1, 
            2
        ], 
        [
            0, 
            1, 
            2
        ], 
        [
            0, 
            1, 
            2
        ], 
        [
            0, 
            1, 
            2
        ], 
        [
            0, 
            1, 
            2
        ], 
        [
            0, 
            1, 
            2
        ], 
        [
            0, 
            1, 
            2
        ], 
        [
            0, 
            1, 
            2
        ], 
        [
            0, 
            1, 
            2
        ], 
        [
            0, 
            1, 
            2
        ], 
        [
            0, 
            1, 
            2
        ], 
        [
            0, 
            1, 
            2
        ], 
        [
            0, 
            1, 
            2
        ], 
        [
            0, 
            1, 
            2
        ], 
        [
            0, 
            1, 
            2
        ], 
        [
            0, 
            1, 
            2
        ], 
        [
            0, 
            1, 
            2
        ], 
        [
            0, 
            1, 
            2
        ], 
        [
            0, 
            1, 
            2
        ], 
        [
            0, 
            1, 
            2
        ], 
        [
            1, 
            2, 
            3
        ], 
        [
            1, 
            2, 
            3
        ], 
        [
            2, 
            3, 
            4
        ], 
        [
            1, 
            2, 
            3
        ], 
        [
            2, 
            3, 
            4
        ], 
        [
            1, 
            2, 
            3
        ], 
        [
            2, 
            3, 
            4
        ], 
        [
            2, 
            3, 
            4
        ], 
        [
            2, 
            3, 
            4
        ], 
        [
            2, 
            3, 
            4
        ], 
        [
            2, 
            3, 
            4
        ], 
        [
            2, 
            3, 
            4
        ], 
        [
            2, 
            3, 
            4
        ], 
        [
            2, 
            3, 
            4
        ], 
        [
            2, 
            3, 
            4
        ], 
        [
            2, 
            3, 
            4
        ], 
        [
            0, 
            1, 
            2
        ], 
        [
            0, 
            1, 
            2
        ], 
        [
            0, 
            1, 
            2
        ], 
        [
            0, 
            1, 
            2
        ], 
        [
            0, 
            1, 
            2
        ], 
        [
            0, 
            1, 
            2
        ], 
        [
            0, 
            1, 
            2
        ], 
        [
            0, 
            1, 
            2
        ], 
        [
            0, 
            1, 
            2
        ], 
        [
            0, 
            1, 
            2
        ], 
        [
            0, 
            1, 
            2
        ], 
        [
            0, 
            1, 
            2
        ], 
        [
            1, 
            2, 
            3
        ], 
        [
            1, 
            2, 
            3
        ], 
        [
            1, 
            2, 
            3
        ], 
        [
            1, 
            2, 
            3
        ], 
        [
            2, 
            3, 
            4
        ], 
        [
            2, 
            3, 
            4
        ], 
        [
            2, 
            3, 
            4
        ], 
        [
            2, 
            3, 
            4
        ], 
        [
            2, 
            3, 
            4
        ], 
        [
            2, 
            3, 
            4
        ], 
        [
            2, 
            3, 
            4
        ], 
        [
            2, 
            3, 
            4
        ], 
        [
            0, 
            1, 
            2
        ], 
        [
            0, 
            1, 
            2
        ], 
        [
            0, 
            1, 
            2
        ], 
        [
            0, 
            1, 
            2
        ], 
        [
            0, 
            1, 
            2
        ], 
        [
            0, 
            1, 
            2
        ], 
        [
            0, 
            1, 
            2
        ], 
        [
            0, 
            1, 
            2
        ], 
        [
            0, 
            1, 
            2
        ], 
        [
            0, 
            1, 
            2
        ], 
        [
            0, 
            1, 
            2
        ], 
        [
            0, 
            1, 
            2
        ], 
        [
            0, 
            1, 
            2
        ], 
        [
            0, 
            1, 
            2
        ], 
        [
            0, 
            1, 
            2
        ], 
        [
            0, 
            1, 
            2
        ], 
        [
            0, 
            1, 
            2
        ], 
        [
            0, 
            1, 
            2
        ], 
        [
            0, 
            1, 
            2
        ], 
        [
            0, 
            1, 
            2
        ], 
        [
            0, 
            1, 
            2
        ], 
        [
            0, 
            1, 
            2
        ], 
        [
            0, 
            1, 
            2
        ], 
        [
            0, 
            1, 
            2
        ], 
        [
            0, 
            1, 
            2
        ], 
        [
            0, 
            1, 
            2
        ], 
        [
            0, 
            1, 
            2
        ], 
        [
            0, 
            1, 
            2
        ], 
        [
            0, 
            1, 
            2
        ], 
        [
            0, 
            1, 
            2
        ], 
        [
            0, 
            1, 
            2
        ], 
        [
            0, 
            1, 
            2
        ], 
        [
            0, 
            1, 
            2
        ], 
        [
            0, 
            1, 
            2
        ], 
        [
            0, 
            1, 
            2
        ], 
        [
            0, 
            1, 
            2
        ], 
        [
            0, 
            1, 
            2
        ], 
        [
            0, 
            1, 
            2
        ], 
        [
            0, 
            1, 
            2
        ], 
        [
            0, 
            1, 
            2
        ], 
        [
            0, 
            1, 
            2
        ], 
        [
            0, 
            1, 
            2
        ], 
        [
            0, 
            1, 
            2
        ], 
        [
            0, 
            1, 
            2
        ], 
        [
            0, 
            1, 
            2
        ], 
        [
            0, 
            1, 
            2
        ], 
        [
            0, 
            1, 
            2
        ], 
        [
            0, 
            1, 
            2
        ], 
        [
            1, 
