{
    "joints": [
        {
            "rigidBody": "bulletRigidBodyShape10", 
            "children": [
                "joint2"
            ], 
            "name": "joint1", 
            "parent": null, 
            "transform": [
                1.0, 
                0.0, 
                0.0, 
                0.0, 
                0.0, 
                0.9999999999991966, 
                -1.2675907946621773e-06, 
                0.0, 
                0.0, 
                1.2675907946621773e-06, 
                0.9999999999991966, 
                0.0, 
                0.0, 
                8.031353360138382e-13, 
                1.2675907947734546e-06, 
                1.0
            ]
        }, 
        {
            "rigidBody": "bulletRigidBodyShape9", 
            "children": [
                "joint3"
            ], 
            "name": "joint2", 
            "parent": [
                "joint1"
            ], 
            "transform": [
                1.0, 
                0.0, 
                0.0, 
                0.0, 
                0.0, 
                0.9999999999991966, 
                -1.2675907946621773e-06, 
                0.0, 
                0.0, 
                1.2675907946621773e-06, 
                0.9999999999991966, 
                0.0, 
                0.0, 
                2.000000000000803, 
                1.2675907952175442e-06, 
                1.0
            ]
        }, 
        {
            "rigidBody": "bulletRigidBodyShape8", 
            "children": [
                "joint4"
            ], 
            "name": "joint3", 
            "parent": [
                "joint2"
            ], 
            "transform": [
                1.0, 
                0.0, 
                0.0, 
                0.0, 
                0.0, 
                0.9999999999991966, 
                -1.2675907946621773e-06, 
                0.0, 
                0.0, 
                1.2675907946621773e-06, 
                0.9999999999991966, 
                0.0, 
                0.0, 
                4.000000000000803, 
                1.2675907956616343e-06, 
                1.0
            ]
        }, 
        {
            "rigidBody": "bulletRigidBodyShape7", 
            "children": [
                "joint5"
            ], 
            "name": "joint4", 
            "parent": [
                "joint3"
            ], 
            "transform": [
                1.0, 
                0.0, 
                0.0, 
                0.0, 
                0.0, 
                0.9999999999991966, 
                -1.2675907946621773e-06, 
                0.0, 
                0.0, 
                1.2675907946621773e-06, 
                0.9999999999991966, 
                0.0, 
                0.0, 
                6.000000000000803, 
                1.2675907947734537e-06, 
                1.0
            ]
        }, 
        {
            "rigidBody": "bulletRigidBodyShape6", 
            "children": [
                "joint6"
            ], 
            "name": "joint5", 
            "parent": [
                "joint4"
            ], 
            "transform": [
                1.0, 
                0.0, 
                0.0, 
                0.0, 
                0.0, 
                0.9999999999991966, 
                -1.2675907946621773e-06, 
                0.0, 
                0.0, 
                1.2675907946621773e-06, 
                0.9999999999991966, 
                0.0, 
                0.0, 
                8.000000000000803, 
                1.267590794773455e-06, 
                1.0
            ]
        }, 
        {
            "rigidBody": "bulletRigidBodyShape5", 
            "children": [
                "joint7"
            ], 
            "name": "joint6", 
            "parent": [
                "joint5"
            ], 
            "transform": [
                1.0, 
                0.0, 
                0.0, 
                0.0, 
                0.0, 
                0.9999999999991966, 
                -1.2675907946621773e-06, 
                0.0, 
                0.0, 
                1.2675907946621773e-06, 
                0.9999999999991966, 
                0.0, 
                0.0, 
                10.0000000000008, 
                1.2675907963277715e-06, 
                1.0
            ]
        }, 
        {
            "rigidBody": "bulletRigidBodyShape4", 
            "children": [
                "joint8"
            ], 
            "name": "joint7", 
            "parent": [
                "joint6"
            ], 
            "transform": [
                1.0, 
                0.0, 
                0.0, 
                0.0, 
                0.0, 
                0.9999999999991966, 
                -1.2675907946621773e-06, 
                0.0, 
                0.0, 
                1.2675907946621773e-06, 
                0.9999999999991966, 
                0.0, 
                0.0, 
                12.000000000000803, 
                1.2675907947734516e-06, 
                1.0
            ]
        }, 
        {
            "rigidBody": "bulletRigidBodyShape3", 
            "children": [
                "joint9"
            ], 
            "name": "joint8", 
            "parent": [
                "joint7"
            ], 
            "transform": [
                1.0, 
                0.0, 
                0.0, 
                0.0, 
                0.0, 
                0.9999999999991966, 
                -1.2675907946621773e-06, 
                0.0, 
                0.0, 
                1.2675907946621773e-06, 
                0.9999999999991966, 
                0.0, 
                0.0, 
                14.000000000000803, 
                1.2675907947734542e-06, 
                1.0
            ]
        }, 
        {
            "rigidBody": "bulletRigidBodyShape2", 
            "children": [
                "joint10"
            ], 
            "name": "joint9", 
            "parent": [
                "joint8"
            ], 
            "transform": [
                1.0, 
                0.0, 
                0.0, 
                0.0, 
                0.0, 
                0.9999999999991966, 
                -1.2675907946621773e-06, 
                0.0, 
                0.0, 
                1.2675907946621773e-06, 
                0.9999999999991966, 
                0.0, 
                0.0, 
                16.000000000000803, 
                1.2675907947734508e-06, 
                1.0
            ]
        }, 
        {
            "rigidBody": "bulletRigidBodyShape1", 
            "children": [
                "joint11"
            ], 
            "name": "joint10", 
            "parent": [
                "joint9"
            ], 
            "transform": [
                1.0, 
                0.0, 
                0.0, 
                0.0, 
                0.0, 
                0.9999999999991966, 
                -1.2675907946621773e-06, 
                0.0, 
                0.0, 
                1.2675907946621773e-06, 
                0.9999999999991966, 
                0.0, 
                0.0, 
                18.000000000000806, 
                1.267590794773452e-06, 
                1.0
            ]
        }, 
        {
            "rigidBody": "bulletRigidBodyShape1", 
            "children": null, 
            "name": "joint11", 
            "parent": [
                "joint10"
            ], 
            "transform": [
                1.0, 
                0.0, 
                0.0, 
                0.0, 
                0.0, 
                0.9999999999991966, 
                -1.2675907946621773e-06, 
                0.0, 
                0.0, 
                1.2675907946621773e-06, 
                0.9999999999991966, 
                0.0, 
                0.0, 
                19.999999999999197, 
                -1.2675907947734508e-06, 
                1.0
            ]
        }
    ], 
    "rigidBodies": {
        "bulletRigidBodyShape1": {
            "extents": [
                0.8280504941940308, 
                0.8280504941940308, 
                2.0
            ], 
            "joints": [
                "joint10", 
                "joint11"
            ], 
            "friction": 1.0, 
            "centerOfMass": [
                0.0, 
                0.0, 
                0.0
            ], 
            "radius": 1.0, 
            "axis": "Y", 
            "name": "bulletRigidBodyShape1", 
            "colliderOffset": [
                0.0, 
                0.0, 
                0.0
            ], 
            "transform": [
                1.0, 
                0.0, 
                0.0, 
                0.0, 
                0.0, 
                1.267590794995499e-06, 
                0.9999999999991966, 
                0.0, 
                0.0, 
                -0.9999999999991966, 
                1.267590794995499e-06, 
                0.0, 
                0.0, 
                19.0, 
                0.0, 
                1.0
            ], 
            "length": 2.0, 
            "mass": 1.0, 
            "static": false, 
            "restitution": 0.0, 
            "type": "box", 
            "constraints": [
                "bulletRigidBodyConstraint9"
            ]
        }, 
        "bulletRigidBodyShape3": {
            "extents": [
                0.8280504941940308, 
                0.8280504941940308, 
                2.0
            ], 
            "joints": [
                "joint8"
            ], 
            "friction": 1.0, 
            "centerOfMass": [
                0.0, 
                0.0, 
                0.0
            ], 
            "radius": 1.0, 
            "axis": "Y", 
            "name": "bulletRigidBodyShape3", 
            "colliderOffset": [
                0.0, 
                0.0, 
                0.0
            ], 
            "transform": [
                1.0, 
                0.0, 
                0.0, 
                0.0, 
                0.0, 
                1.267590794995499e-06, 
                0.9999999999991966, 
                0.0, 
                0.0, 
                -0.9999999999991966, 
                1.267590794995499e-06, 
                0.0, 
                0.0, 
                15.0, 
                0.0, 
                1.0
            ], 
            "length": 2.0, 
            "mass": 1.0, 
            "static": false, 
            "restitution": 0.0, 
            "type": "box", 
            "constraints": [
                "bulletRigidBodyConstraint7", 
                "bulletRigidBodyConstraint8"
            ]
        }, 
        "bulletRigidBodyShape2": {
            "extents": [
                0.8280504941940308, 
                0.8280504941940308, 
                2.0
            ], 
            "joints": [
                "joint9"
            ], 
            "friction": 1.0, 
            "centerOfMass": [
                0.0, 
                0.0, 
                0.0
            ], 
            "radius": 1.0, 
            "axis": "Y", 
            "name": "bulletRigidBodyShape2", 
            "colliderOffset": [
                0.0, 
                0.0, 
                0.0
            ], 
            "transform": [
                1.0, 
                0.0, 
                0.0, 
                0.0, 
                0.0, 
                1.267590794995499e-06, 
                0.9999999999991966, 
                0.0, 
                0.0, 
                -0.9999999999991966, 
                1.267590794995499e-06, 
                0.0, 
                0.0, 
                17.0, 
                0.0, 
                1.0
            ], 
            "length": 2.0, 
            "mass": 1.0, 
            "static": false, 
            "restitution": 0.0, 
            "type": "box", 
            "constraints": [
                "bulletRigidBodyConstraint8", 
                "bulletRigidBodyConstraint9"
            ]
        }, 
        "bulletRigidBodyShape5": {
            "extents": [
                0.8280504941940308, 
                0.8280504941940308, 
                2.0
            ], 
            "joints": [
                "joint6"
            ], 
            "friction": 1.0, 
            "centerOfMass": [
                0.0, 
                0.0, 
                0.0
            ], 
            "radius": 1.0, 
            "axis": "Y", 
            "name": "bulletRigidBodyShape5", 
            "colliderOffset": [
                0.0, 
                0.0, 
                0.0
            ], 
            "transform": [
                1.0, 
                0.0, 
                0.0, 
                0.0, 
                0.0, 
                1.267590794995499e-06, 
                0.9999999999991966, 
                0.0, 
                0.0, 
                -0.9999999999991966, 
                1.267590794995499e-06, 
                0.0, 
                0.0, 
                11.0, 
                0.0, 
                1.0
            ], 
            "length": 2.0, 
            "mass": 1.0, 
            "static": false, 
            "restitution": 0.0, 
            "type": "box", 
            "constraints": [
                "bulletRigidBodyConstraint5", 
                "bulletRigidBodyConstraint6"
            ]
        }, 
        "bulletRigidBodyShape4": {
            "extents": [
                0.8280504941940308, 
                0.8280504941940308, 
                2.0
            ], 
            "joints": [
                "joint7"
            ], 
            "friction": 1.0, 
            "centerOfMass": [
                0.0, 
                0.0, 
                1.7763568394002505e-15
            ], 
            "radius": 1.0, 
            "axis": "Y", 
            "name": "bulletRigidBodyShape4", 
            "colliderOffset": [
                0.0, 
                0.0, 
                0.0
            ], 
            "transform": [
                1.0, 
                0.0, 
                0.0, 
                0.0, 
                0.0, 
                1.267590794995499e-06, 
                0.9999999999991966, 
                0.0, 
                0.0, 
                -0.9999999999991966, 
                1.267590794995499e-06, 
                0.0, 
                0.0, 
                13.0, 
                -2.251693578645486e-21, 
                1.0
            ], 
            "length": 2.0, 
            "mass": 1.0, 
            "static": false, 
            "restitution": 0.0, 
            "type": "box", 
            "constraints": [
                "bulletRigidBodyConstraint6", 
                "bulletRigidBodyConstraint7"
            ]
        }, 
        "bulletRigidBodyShape7": {
            "extents": [
                0.8280504941940308, 
                0.8280504941940308, 
                2.0
            ], 
            "joints": [
                "joint4"
            ], 
            "friction": 1.0, 
            "centerOfMass": [
                0.0, 
                0.0, 
                0.0
            ], 
            "radius": 1.0, 
            "axis": "Y", 
            "name": "bulletRigidBodyShape7", 
            "colliderOffset": [
                0.0, 
                0.0, 
                0.0
            ], 
            "transform": [
                1.0, 
                0.0, 
                0.0, 
                0.0, 
                0.0, 
                1.267590794995499e-06, 
                0.9999999999991966, 
                0.0, 
                0.0, 
                -0.9999999999991966, 
                1.267590794995499e-06, 
                0.0, 
                0.0, 
                7.0, 
                0.0, 
                1.0
            ], 
            "length": 2.0, 
            "mass": 1.0, 
            "static": false, 
            "restitution": 0.0, 
            "type": "box", 
            "constraints": [
                "bulletRigidBodyConstraint3", 
                "bulletRigidBodyConstraint4"
            ]
        }, 
        "bulletRigidBodyShape6": {
            "extents": [
                0.8280504941940308, 
                0.8280504941940308, 
                2.0
            ], 
            "joints": [
                "joint5"
            ], 
            "friction": 1.0, 
            "centerOfMass": [
                0.0, 
                0.0, 
                0.0
            ], 
            "radius": 1.0, 
            "axis": "Y", 
            "name": "bulletRigidBodyShape6", 
            "colliderOffset": [
                0.0, 
                0.0, 
                0.0
            ], 
            "transform": [
                1.0, 
                0.0, 
                0.0, 
                0.0, 
                0.0, 
                1.267590794995499e-06, 
                0.9999999999991966, 
                0.0, 
                0.0, 
                -0.9999999999991966, 
                1.267590794995499e-06, 
                0.0, 
                0.0, 
                9.0, 
                0.0, 
                1.0
            ], 
            "length": 2.0, 
            "mass": 1.0, 
            "static": false, 
            "restitution": 0.0, 
            "type": "box", 
            "constraints": [
                "bulletRigidBodyConstraint4", 
                "bulletRigidBodyConstraint5"
            ]
        }, 
        "bulletRigidBodyShape9": {
            "extents": [
                0.8280504941940308, 
                0.8280504941940308, 
                2.0
            ], 
            "joints": [
                "joint2"
            ], 
            "friction": 1.0, 
            "centerOfMass": [
                0.0, 
                0.0, 
                0.0
            ], 
            "radius": 1.0, 
            "axis": "Y", 
            "name": "bulletRigidBodyShape9", 
            "colliderOffset": [
                0.0, 
                0.0, 
                0.0
            ], 
            "transform": [
                1.0, 
                0.0, 
                0.0, 
                0.0, 
                0.0, 
                1.267590794995499e-06, 
                0.9999999999991966, 
                0.0, 
                0.0, 
                -0.9999999999991966, 
                1.267590794995499e-06, 
                0.0, 
                0.0, 
                3.0, 
                0.0, 
                1.0
            ], 
            "length": 2.0, 
            "mass": 1.0, 
            "static": false, 
            "restitution": 0.0, 
            "type": "box", 
            "constraints": [
                "bulletRigidBodyConstraint1", 
                "bulletRigidBodyConstraint2"
            ]
        }, 
        "bulletRigidBodyShape8": {
            "extents": [
                0.8280504941940308, 
                0.8280504941940308, 
                2.0
            ], 
            "joints": [
                "joint3"
            ], 
            "friction": 1.0, 
            "centerOfMass": [
                0.0, 
                0.0, 
                0.0
            ], 
            "radius": 1.0, 
            "axis": "Y", 
            "name": "bulletRigidBodyShape8", 
            "colliderOffset": [
                0.0, 
                0.0, 
                0.0
            ], 
            "transform": [
                1.0, 
                0.0, 
                0.0, 
                0.0, 
                0.0, 
                1.267590794995499e-06, 
                0.9999999999991966, 
                0.0, 
                0.0, 
                -0.9999999999991966, 
                1.267590794995499e-06, 
                0.0, 
                0.0, 
                5.0, 
                0.0, 
                1.0
            ], 
            "length": 2.0, 
            "mass": 1.0, 
            "static": false, 
            "restitution": 0.0, 
            "type": "box", 
            "constraints": [
                "bulletRigidBodyConstraint2", 
                "bulletRigidBodyConstraint3"
            ]
        }, 
        "bulletRigidBodyShape10": {
            "extents": [
                0.8280504941940308, 
                0.8280504941940308, 
                2.0
            ], 
            "joints": [
                "joint1"
            ], 
            "friction": 1.0, 
            "centerOfMass": [
                0.0, 
                0.0, 
                0.0
            ], 
            "radius": 1.0, 
            "axis": "Y", 
            "name": "bulletRigidBodyShape10", 
            "colliderOffset": [
                0.0, 
                0.0, 
                0.0
            ], 
            "transform": [
                1.0, 
                0.0, 
                0.0, 
                0.0, 
                0.0, 
                1.267590794995499e-06, 
                0.9999999999991966, 
                0.0, 
                0.0, 
                -0.9999999999991966, 
                1.267590794995499e-06, 
                0.0, 
                0.0, 
                1.0, 
                0.0, 
                1.0
            ], 
            "length": 2.0, 
            "mass": 1.0, 
            "static": false, 
            "restitution": 0.0, 
            "type": "box", 
            "constraints": [
                "bulletRigidBodyConstraint1"
            ]
        }
    }, 
    "skinWeights": [
        [
            0.8933611743040935, 
            0.10647504873679414, 
            0.00016377695911244018
        ], 
        [
            0.8932514581345609, 
            0.10658489014585297, 
            0.00016365171958605124
        ], 
        [
            0.893412644275263, 
            0.10642389556386941, 
            0.00016346016086746687
        ], 
        [
            0.8935184564108378, 
            0.10631811462729358, 
            0.0001634289618685176
        ], 
        [
            0.8934404186875272, 
            0.10639613211589691, 
            0.00016344919657582544
        ], 
        [
            0.8933908336263677, 
            0.10644573498721094, 
            0.0001634313864213144
        ], 
        [
            0.8934729622319274, 
            0.10636359804979191, 
            0.0001634397182807494
        ], 
        [
            0.8934633699060253, 
            0.10637304350719064, 
            0.00016358658678424653
        ], 
        [
            0.8930935771708912, 
            0.10674254132599313, 
            0.00016388150311577801
        ], 
        [
            0.8925926889166207, 
            0.10724317311070507, 
            0.00016413797267424978
        ], 
        [
            0.8926944187759358, 
            0.10714150523458613, 
            0.00016407598947799034
        ], 
        [
            0.8933439487057349, 
            0.10649228126532821, 
            0.00016377002893705855
        ], 
        [
            0.8936057178644695, 
            0.1062305959339111, 
            0.0001636862016193575
        ], 
        [
            0.9481695916905198, 
            0.05176814822739636, 
            6.226008208363319e-05
        ], 
        [
            0.9478141884981564, 
            0.052124156497283226, 
            6.165500456033206e-05
        ], 
        [
            0.9485317695382638, 
            0.051407136438216094, 
            6.109402352018502e-05
        ], 
        [
            0.9486652978482201, 
            0.05127366092057905, 
            6.104123120088693e-05
        ], 
        [
            0.948130270514613, 
            0.05180862900220708, 
            6.110048317995908e-05
        ], 
        [
            0.948196094627133, 
            0.05174284894269345, 
            6.105643017355046e-05
        ], 
        [
            0.9487698291364224, 
            0.05116904362666117, 
            6.112723691643348e-05
        ], 
        [
            0.9482849804915623, 
            0.05165334009258821, 
            6.167941584961492e-05
        ], 
        [
            0.945977762926857, 
            0.05395949731863511, 
            6.273975450784094e-05
        ], 
        [
            0.9445162957079215, 
            0.05542014930648875, 
            6.355498558982396e-05
        ], 
        [
            0.9466282952994742, 
            0.053308568593534174, 
            6.313610699152676e-05
        ], 
        [
            0.9495375355854125, 
            0.050400293779943275, 
            6.217063464416575e-05
        ], 
        [
            0.9496333563771677, 
            0.05030452496794797, 
            6.211865488435931e-05
        ], 
        [
            0.9230583228124407, 
            0.07692522118535502, 
            1.6456002204196315e-05
        ], 
        [
            0.9234713699723004, 
            0.07651370591382059, 
            1.4924113879060141e-05
        ], 
        [
            0.9249193826208031, 
            0.0750689926979702, 
            1.1624681226676442e-05
        ], 
        [
            0.9240728889786511, 
            0.07591648866105005, 
            1.062236029882419e-05
        ], 
        [
            0.9231278118981983, 
            0.07686113374926799, 
            1.1054352533826287e-05
        ], 
        [
            0.9243618586525222, 
            0.07562711363938485, 
            1.1027708093010699e-05
        ], 
        [
            0.9252123597814832, 
            0.07477656295559222, 
            1.1077262924601683e-05
        ], 
        [
            0.9216487309252293, 
            0.07833826445179733, 
            1.3004622973398556e-05
        ], 
        [
            0.9157397271506832, 
            0.08424286878373811, 
            1.7404065578696148e-05
        ], 
        [
            0.9165951825702645, 
            0.08338324516369092, 
            2.157226604468753e-05
        ], 
        [
            0.9246152546926408, 
            0.07536346048115009, 
            2.128482620896508e-05
        ], 
        [
            0.9291460641286107, 
            0.07083679828396736, 
            1.7137587421866417e-05
        ], 
        [
            0.9264733662904227, 
            0.07351128195028073, 
            1.535175929662364e-05
        ], 
        [
            0.7631886001202706, 
            0.23675285631797655, 
            5.854356175297314e-05
        ], 
        [
            0.7652342280471623, 
            0.23471735746526048, 
            4.841448757701617e-05
        ], 
        [
            0.7654258534804057, 
            0.2345445190107242, 
            2.9627508870040814e-05
        ], 
        [
            0.7634890329670253, 
            0.23648499837657927, 
            2.5968656395468838e-05
        ], 
        [
            0.7639352350438431, 
            0.23603387009228755, 
            3.089486386941461e-05
        ], 
        [
            0.7661281854869813, 
            0.23384070691858902, 
            3.110759442972152e-05
        ], 
        [
            0.764657392457848, 
            0.23531447726191557, 
            2.813028023646352e-05
        ], 
        [
            0.7575239700934805, 
            0.24243817522054717, 
            3.7854685972267976e-05
        ], 
        [
            0.7538979417786896, 
            0.2460308251937052, 
            7.123302760502788e-05
        ], 
        [
            0.761832838895896, 
            0.23806045605973958, 
            0.0001067050443643928
        ], 
        [
            0.7712328052236529, 
            0.22866770079908505, 
            9.949397726197344e-05
        ], 
        [
            0.7708857263747172, 
            0.22905447628304107, 
            5.9797342241851934e-05
        ], 
        [
            0.7651455855487599, 
            0.23480645200598815, 
            4.796244525189099e-05
        ], 
        [
            0.489859615029509, 
            0.5092702450999831, 
            0.0008701398705080912
        ], 
        [
            0.4907352513270314, 
            0.508378873363924, 
            0.0008858753090446037
        ], 
        [
            0.4889764964476231, 
            0.5103643567581491, 
            0.0006591467942279813
        ], 
        [
            0.4885178208230935, 
            0.510911032979863, 
            0.0005711461970434551
        ], 
        [
            0.4903047654020739, 
            0.5090562980252874, 
            0.0006389365726386048
        ], 
        [
            0.49062669633322076, 
            0.5087137979482954, 
            0.0006595057184839589
        ], 
        [
            0.4871894577418019, 
            0.5122022807943661, 
            0.000608261463831952
        ], 
        [
            0.4841558519703162, 
            0.5151833053882949, 
            0.0006608426413887713
        ], 
        [
            0.4887881952557336, 
            0.5102664736871272, 
            0.0009453310571392788
        ], 
        [
            0.49626461186091964, 
            0.502453492221412, 
            0.0012818959176683898
        ], 
        [
            0.4960441352692945, 
            0.5026742628727773, 
            0.0012816018579283506
        ], 
        [
            0.49039175351853836, 
            0.5087086212117005, 
            0.0008996252697609867
        ], 
        [
            0.4879666455453663, 
            0.5113357958547022, 
            0.0006975585999313888
        ], 
        [
            0.21833579080668156, 
            0.7711000755291945, 
            0.010564133664123959
        ], 
        [
            0.2168119064868951, 
            0.7733012804720708, 
            0.009886813041034002
        ], 
        [
            0.21586363294218644, 
            0.7754039609544249, 
            0.008732406103388584
        ], 
        [
            0.21714661990805573, 
            0.7741586886912943, 
            0.008694691400649915
        ], 
        [
            0.21766638621190088, 
            0.7732428806453518, 
            0.00909073314274739
        ], 
        [
            0.216162044915368, 
            0.7748390557193163, 
            0.008998899365315513
        ], 
        [
            0.21559549942518705, 
            0.7757076773542108, 
            0.008696823220602029
        ], 
        [
            0.219925025607877, 
            0.7707886230979248, 
            0.009286351294198105
        ], 
        [
            0.22567297151656757, 
            0.7632075885933066, 
            0.011119439890125846
        ], 
        [
            0.22408273702539386, 
            0.7632236500567076, 
            0.012693612917898571
        ], 
        [
            0.21710872638179776, 
            0.7710873871605811, 
            0.011803886457621014
        ], 
        [
            0.2141970453718504, 
            0.7762383066000638, 
            0.009564648028085746
        ], 
        [
            0.21669526324007193, 
            0.7738037895131378, 
            0.009500947246790304
        ], 
        [
            0.06027066536534836, 
            0.8767538831327026, 
            0.06297545150194901
        ], 
        [
            0.059013762414309986, 
            0.8810131418293821, 
            0.05997309575630806
        ], 
        [
            0.0594785573358325, 
            0.8820225351898026, 
            0.05849890747436489
        ], 
        [
            0.060255280804666564, 
            0.880385665946364, 
            0.05935905324896944
        ], 
        [
            0.05953114409591915, 
            0.8805628193063529, 
            0.05990603659772786
        ], 
        [
            0.058831565055273316, 
            0.882118506409134, 
            0.05904992853559258
        ], 
        [
            0.06112646612859216, 
            0.8799055320908586, 
            0.05896800178054936
        ], 
        [
            0.06574443135302768, 
            0.8721018360826998, 
            0.06215373256427267
        ], 
        [
            0.06654241318300205, 
            0.8661384082244995, 
            0.06731917859249859
        ], 
        [
            0.061636441145612085, 
            0.8698247321015129, 
            0.068538826752875
        ], 
        [
            0.05762567640536807, 
            0.8790161191941256, 
            0.06335820440050638
        ], 
        [
            0.05859204239015111, 
            0.8815303689583837, 
            0.059877588651465315
        ], 
        [
            0.060739486622447825, 
            0.8769339842410274, 
            0.06232652913652466
        ], 
        [
            0.008975408577752704, 
            0.772231381677281, 
            0.21879320974496627
        ], 
        [
            0.00876996435540766, 
            0.7756525874335168, 
            0.2155774482110756
        ], 
        [
            0.009151784737450819, 
            0.7748642558895628, 
            0.21598395937298642
        ], 
        [
            0.009168501892231338, 
            0.7735050538223208, 
            0.21732644428544784
        ], 
        [
            0.008726856012613627, 
            0.7746922432129385, 
            0.21658090077444783
        ], 
        [
            0.008922816985944947, 
            0.7756939975368812, 
            0.21538318547717392
        ], 
        [
            0.01049687696135097, 
            0.771948011817692, 
            0.21755511122095694
        ], 
        [
            0.011924704824032363, 
            0.7645856708878412, 
            0.22348962428812638
        ], 
        [
            0.011027141720582747, 
            0.7617685251743416, 
            0.22720433310507568
        ], 
        [
            0.008920476132118264, 
            0.7683291973296341, 
            0.22275032653824778
        ], 
        [
            0.00832670421420316, 
            0.7751034432222674, 
            0.21656985256352954
        ], 
        [
            0.009215077593037574, 
            0.7724237647209775, 
            0.21836115768598494
        ], 
        [
            0.009555557939559395, 
            0.7688461277116437, 
            0.2215983143487969
        ], 
        [
            0.5092406980675729, 
            0.4895842788788663, 
            0.0011750230535607436
        ], 
        [
            0.5100091148771416, 
            0.48880976311959135, 
            0.0011811220032669487
        ], 
        [
            0.5088190111472197, 
            0.49011722923667544, 
            0.0010637596161048942
        ], 
        [
            0.5095130872612098, 
            0.4894393641285515, 
            0.001047548610238777
        ], 
        [
            0.511404066143818, 
            0.48744801143571387, 
            0.0011479224204682555
        ], 
        [
            0.5105804970699971, 
            0.4882312034907038, 
            0.0011882994392989224
        ], 
        [
            0.506886731113787, 
            0.4920057679213687, 
            0.0011075009648443459
        ], 
        [
            0.001218533256434377, 
            0.5051822293068293, 
            0.4935992374367364
        ], 
        [
            0.5094879966205885, 
            0.4889720740528713, 
            0.0015399293265402686
        ], 
        [
            0.513705516229497, 
            0.4843300666343257, 
            0.001964417136177338
        ], 
        [
            0.5098781661918224, 
            0.488360587124303, 
            0.0017612466838746222
        ], 
        [
            0.5040676977074973, 
            0.49477488945388437, 
            0.0011574128386183313
        ], 
        [
            0.5052244058977506, 
            0.49378262628049907, 
            0.0009929678217503513
        ], 
        [
            0.23297346262697005, 
            0.7552287898080987, 
            0.01179774756493131
        ], 
        [
            0.23297098018234438, 
            0.7548499858608159, 
            0.012179033956839662
        ], 
        [
            0.23352881114103083, 
            0.7544615863537604, 
            0.01200960250520867
        ], 
        [
            0.23586375736067275, 
            0.7518746823278102, 
            0.012261560311517065
        ], 
        [
            0.23624821599392234, 
            0.7508740880748609, 
            0.01287769593121677
        ], 
        [
            0.23387121472796815, 
            0.7533460554486051, 
            0.012782729823426767
        ], 
        [
            0.23355760164236047, 
            0.7541790348126951, 
            0.012263363544944339
        ], 
        [
            0.23880759870690918, 
            0.748240558627439, 
            0.012951842665651714
        ], 
        [
            0.24310726868748153, 
            0.7417731019815822, 
            0.015119629330936317
        ], 
        [
            0.23755735245679116, 
            0.7465971776562914, 
            0.01584546988691738
        ], 
        [
            0.2283505155847698, 
            0.7582492981599614, 
            0.01340018625526862
        ], 
        [
            0.22643582334917625, 
            0.7626602947946256, 
            0.010903881856198255
        ], 
        [
            0.23026660547379452, 
            0.7589057560421044, 
            0.01082763848410107
        ], 
        [
            0.06863974296172719, 
            0.8624341598742379, 
            0.0689260971640349
        ], 
        [
            0.06874702286405446, 
            0.8617942347987838, 
            0.06945874233716183
        ], 
        [
            0.07007402015785928, 
            0.8606627458646977, 
            0.06926323397744302
        ], 
        [
            0.0713030192336163, 
            0.8580103156213755, 
            0.07068666514500827
        ], 
        [
            0.07023833108468357, 
            0.8580843286837697, 
            0.07167734023154664
        ], 
        [
            0.06910615658509692, 
            0.8604324788869443, 
            0.0704613645279588
        ], 
        [
            0.07170711024840873, 
            0.8583838608578322, 
            0.0699090288937591
        ], 
        [
            0.07617940866569173, 
            0.8503917206080158, 
            0.07342887072629262
        ], 
        [
            0.07482445502499394, 
            0.8474296971130255, 
            0.07774584786198072
        ], 
        [
            0.06772581917747425, 
            0.8568464751129371, 
            0.07542770570958857
        ], 
        [
            0.06345506412401622, 
            0.8683869012534832, 
            0.06815803462250075
        ], 
        [
            0.0646689555347003, 
            0.8710075976200717, 
            0.06432344684522803
        ], 
        [
            0.06747991707995456, 
            0.8664711117021009, 
            0.0660489712179446
        ], 
        [
            0.011810316805154352, 
            0.754041184475181, 
            0.2341484987196647
        ], 
        [
            0.011924919552114348, 
            0.754747605386305, 
            0.2333274750615807
        ], 
        [
            0.012536066472522523, 
            0.7531555186115834, 
            0.23430841491589416
        ], 
        [
            0.012589680774245146, 
            0.7508765473853718, 
            0.2365337718403831
        ], 
        [
            0.011958051873764388, 
            0.7519751914110337, 
            0.236066756715202
        ], 
        [
            0.01210640990875732, 
            0.7538287259323683, 
            0.23406486415887431
        ], 
        [
            0.01376569619172694, 
            0.750488564729153, 
            0.2357457390791202
        ], 
        [
            0.014716806125756331, 
            0.7436505457424298, 
            0.24163264813181393
        ], 
        [
            0.012940752182705207, 
            0.7438849259165551, 
            0.24317432190073968
        ], 
        [
            0.01052723372768018, 
